%YAML:1.0

#--------------------------------------------------------------------------------------------
# Camera Parameters. Adjust them!
#--------------------------------------------------------------------------------------------
Camera.type: "KannalaBrandt8"
# Camera calibration and distortion parameters (OpenCV) 
Camera.fx: 342.57340657198847 # 190.97847715128717
Camera.fy: 342.27339322481566 # 190.9733070521226
Camera.cx: 943.1286372687496 # 254.93170605935475
Camera.cy: 595.3448687997952 # 256.8974428996504

# Equidistant distortion 0.0034823894022493434, 0.0007150348452162257, -0.0020532361418706202, 0.00020293673591811182
#Camera.bFishEye: 1
Camera.k1: 0.03514948721539231 # 0.0034823894022493434
Camera.k2: 0.010827485806785388 # 0.0007150348452162257
Camera.k3: 0.006364378968337289 # -0.0020532361418706202
Camera.k4: -0.0038722824026051284 # 0.00020293673591811182
    
# Camera resolution
Camera.width: 1920
Camera.height: 1200

# Camera frames per second 
Camera.fps: 10.0

# Color order of the images (0: BGR, 1: RGB. It is ignored if images are grayscale)
Camera.RGB: 1

# Transformation from body-frame (imu) to camera
Tbc: !!opencv-matrix
   rows: 4
   cols: 4
   dt: f
#   data: [0.04006844, 0.04196019, 0.99831551, 0.03561148,
#          -0.99908412, 0.01669572, 0.03939755, -0.06476697,
#          -0.01501446, -0.99897978, 0.04259073, -0.02459089,
#          0.0, 0.0, 0.0, 1.0]
   data: [0.04006844, -0.99908412, -0.01501446, -0.06650377,
          0.04196019, 0.01669572, -0.99897978, -0.02497873,
          0.99831551, 0.03939755, 0.04259073, -0.03195249,
          0.0, 0.0, 0.0, 1.0]
# Tbc: !!opencv-matrix  # from vins mono calibration file
#   rows: 4
#   cols: 4
#   dt: f
#   data: [-0.9995250378696743, 0.0075842033363785165, -0.030214670573904204, 0.044511917113940799, 
#          0.029940114644659861, -0.034023430206013172, -0.99897246995704592, -0.073197096234105752,
#         -0.0086044170750674241, -0.99939225835343004, 0.033779845322755464, -0.047972907300764499,
#          0.0, 0.0, 0.0, 1.0]


# IMU noise (Use those from VINS-mono)
IMU.NoiseGyro: 0.0002065867234810205 # 0.00413173446962
IMU.NoiseAcc: 0.0011875618485391879  # 0.0237512369708
IMU.GyroWalk: 7.811453256105231e-07 
IMU.AccWalk: 4.475633034385543e-05 # 
IMU.Frequency: 400


#--------------------------------------------------------------------------------------------
# ORB Parameters
#--------------------------------------------------------------------------------------------

# ORB Extractor: Number of features per image
ORBextractor.nFeatures: 1500 # Tested with 1250

# ORB Extractor: Scale factor between levels in the scale pyramid 	
ORBextractor.scaleFactor: 1.2

# ORB Extractor: Number of levels in the scale pyramid	
ORBextractor.nLevels: 8

# ORB Extractor: Fast threshold
# Image is divided in a grid. At each cell FAST are extracted imposing a minimum response.
# Firstly we impose iniThFAST. If no corners are detected we impose a lower value minThFAST
# You can lower these values if your images have low contrast			
# ORBextractor.iniThFAST: 20
# ORBextractor.minThFAST: 7
ORBextractor.iniThFAST: 20 # 20
ORBextractor.minThFAST: 7 # 7

#--------------------------------------------------------------------------------------------
# Viewer Parameters
#--------------------------------------------------------------------------------------------
Viewer.KeyFrameSize: 0.05
Viewer.KeyFrameLineWidth: 1
Viewer.GraphLineWidth: 0.9
Viewer.PointSize: 2
Viewer.CameraSize: 0.08
Viewer.CameraLineWidth: 3
Viewer.ViewpointX: 0
Viewer.ViewpointY: -0.7
Viewer.ViewpointZ: -3.5 # -1.8
Viewer.ViewpointF: 500
