%YAML:1.0

#--------------------------------------------------------------------------------------------
# Camera Parameters. Adjust them!
#--------------------------------------------------------------------------------------------
Camera.type: "PinHole"

# Camera calibration and distortion parameters (OpenCV) (equal for both cameras after stereo rectification)
Camera.fx: 532.3458685738493
Camera.fy: 531.5910214138944
Camera.cx: 638.0864104712135
Camera.cy: 351.6352498078828

Camera.k1: -0.039624051247381636
Camera.k2: 0.0019029086120666632
Camera.p1: -2.5298299415183164e-06
Camera.p2: 0.000747690964302449

Camera.width: 1280
Camera.height: 720

# Camera frames per second 
Camera.fps: 10.0

# stereo baseline times fx
Camera.bf: 62.919593811035156 #47.90639384423901 0.120305707384

# Color order of the images (0: BGR, 1: RGB. It is ignored if images are grayscale)
Camera.RGB: 1

# Close/Far threshold. Baseline times.
ThDepth: 35.0 # 60.0

# Transformation from camera 0 to body-frame (imu)
Tbc: !!opencv-matrix
   rows: 4
   cols: 4
   dt: f
   data: [0.01098766, -0.00773728, 0.9999097, -0.01940056,
          -0.99993684, -0.00245027, 0.010969, 0.01349856,
          0.00236518, -0.99996706, -0.00776372, 0.01840652,
          0.0, 0.0, 0.0, 1.0]
# IMU noise
#IMU.NoiseGyro: 0.014373125 
#IMU.NoiseAcc: 0.034461019
#IMU.GyroWalk: 0.000883824 
#IMU.AccWalk: 0.006690017
IMU.NoiseGyro: 0.0002065867234810205 # 
IMU.NoiseAcc: 0.0011875618485391879 # 
IMU.GyroWalk: 7.811453256105231e-07
IMU.AccWalk: 4.475633034385543e-05 # 
IMU.Frequency: 400

#--------------------------------------------------------------------------------------------
# Stereo Rectification. Only if you need to pre-rectify the images.
# Camera.fx, .fy, etc must be the same as in LEFT.P
#--------------------------------------------------------------------------------------------
LEFT.height: 720
LEFT.width: 1280
LEFT.D: !!opencv-matrix
   rows: 1
   cols: 5
   dt: d
   data:[-0.03962405, 0.00190291, -0.00000253, 0.00074769, 0.0]
LEFT.K: !!opencv-matrix
   rows: 3
   cols: 3
   dt: d
   data: [532.34586857, 0.0, 638.08641047, 0.0, 531.59102141, 351.63524981, 0.0, 0.0, 1.0]
LEFT.R:  !!opencv-matrix
   rows: 3
   cols: 3
   dt: d
   data: [0.999966347530033, -0.001422739138722922, 0.008079580483432283, 0.001365741834644127, 0.9999741760894847, 0.007055629199258132, -0.008089410156878961, -0.007044357138835809, 0.9999424675829176]
LEFT.Rf:  !!opencv-matrix
   rows: 3
   cols: 3
   dt: f
   data: [0.999966347530033, -0.001422739138722922, 0.008079580483432283, 0.001365741834644127, 0.9999741760894847, 0.007055629199258132, -0.008089410156878961, -0.007044357138835809, 0.9999424675829176]
LEFT.P:  !!opencv-matrix
   rows: 3
   cols: 4
   dt: d
   data: [532.34586857, 0, 638.08641047, 0,  0, 531.59102141, 351.63524981, 0,  0, 0, 1, 0]

RIGHT.height: 720
RIGHT.width: 1280
RIGHT.D: !!opencv-matrix
   rows: 1
   cols: 5
   dt: d
   data:[-0.02975656, -0.0050588, 0.00033081, -0.00035698, 0.0]
RIGHT.K: !!opencv-matrix
   rows: 3
   cols: 3
   dt: d
   data: [530.50410383, 0.0, 650.91953143, 0.0, 529.89448447, 355.11305919, 0.0, 0.0, 1]
RIGHT.R:  !!opencv-matrix
   rows: 3
   cols: 3
   dt: d
   data: [0.9999633526194376, -0.003625811871560086, 0.007755443660172947, 0.003680398547259526, 0.9999684752771629, -0.007035845251224894, -0.007729688520722713, 0.007064130529506649, 0.999945173484644]
RIGHT.P:  !!opencv-matrix
   rows: 3
   cols: 4
   dt: d
   data: [532.34586857, 0, 638.08641047, -62.919593811035156, 0, 531.59102141, 351.63524981, 0, 0, 0, 1, 0]

#--------------------------------------------------------------------------------------------
# ORB Parameters
#--------------------------------------------------------------------------------------------

# ORB Extractor: Number of features per image
ORBextractor.nFeatures: 1200

# ORB Extractor: Scale factor between levels in the scale pyramid 	
ORBextractor.scaleFactor: 1.2

# ORB Extractor: Number of levels in the scale pyramid	
ORBextractor.nLevels: 8

# ORB Extractor: Fast threshold
# Image is divided in a grid. At each cell FAST are extracted imposing a minimum response.
# Firstly we impose iniThFAST. If no corners are detected we impose a lower value minThFAST
# You can lower these values if your images have low contrast			
ORBextractor.iniThFAST: 20
ORBextractor.minThFAST: 7

#--------------------------------------------------------------------------------------------
# Viewer Parameters
#--------------------------------------------------------------------------------------------
Viewer.KeyFrameSize: 0.05
Viewer.KeyFrameLineWidth: 1.0
Viewer.GraphLineWidth: 0.9
Viewer.PointSize: 2.0
Viewer.CameraSize: 0.08
Viewer.CameraLineWidth: 3.0
Viewer.ViewpointX: 0.0
Viewer.ViewpointY: -0.7
Viewer.ViewpointZ: -1.8
Viewer.ViewpointF: 500.0

